model_name: mlp_premier_league
version: '1'
run_id: 5b5c943dbc6148aebcf9744ff501a94a
rps: 0.20985697062894815
baseline_rps: 0.23169153929746178
market_rps: 0.20133231245714045
market_n_matches: 760
promoted_at: '2026-07-16T00:39:03.967221+00:00'
git_sha: 41588ee30500b2356e1e14555b246f00f1ae130d
