model_name: poisson_la_liga
version: '1'
run_id: 1c76ad99e88f423487b9ba57ba1967ce
rps: 0.20230434619778753
baseline_rps: 0.22591921164125853
market_rps: 0.19279852326110275
market_n_matches: 760
promoted_at: '2026-07-16T00:40:23.431745+00:00'
git_sha: 41588ee30500b2356e1e14555b246f00f1ae130d
