model_name: logistic_premier_league
version: '1'
run_id: 1ea2c4299c174602b4535301820e3568
rps: 0.2084591455138257
baseline_rps: 0.23169153929746178
market_rps: 0.20133231245714045
market_n_matches: 760
promoted_at: '2026-07-16T00:36:54.144567+00:00'
git_sha: 41588ee30500b2356e1e14555b246f00f1ae130d
